USER_ACCOUNT_ID=0.0.5522866
USER_PRIVATE_KEY=3030020100300706052b8104000a04220420ea85d47c72aca635d58639ef732314954ee6aba9e69e8d23ce48bc85c319fed7
BANK_ACCOUNT_ID=0.0.5523355
BANK_PRIVATE_KEY=3030020100300706052b8104000a04220420cdb40ce290a22c65a1405cb0e4420f95cad621f3967f52c54c1be0880ddf6c43
HEDERA_NETWORK=testnet
SECRET_KEY=9164cc5fdf3fab1d1e14f439cbc7a4c17cb4bb9a94a5ba199ccf56b093307b1c
